Starter:
1,2,3,4,5,6,7,8,9,
152,153,154,155,156,157,158,159,160,
252,253,254,255,256,257,258,259,260,
387,388,389,390,391,392,393,394,395,
495,496,497,498,499,500,501,502,503,
650,651,652,653,654,655,656,657,658,
722,723,724,725,726,727,728,729,730,
810,811,812,813,814,815,816,817,818,
906,907,908,910,911,912,913,914,915

Psuedo-Legendary:
147,148,149,
246,247,248,
371,372,373,374,375,376,
443,444,445,
633,634,635,
704,705,706,
782,783,784,
885,886,887,
996,997,998

Legendary:
144,145,146,150,
243,245,246,249,250,
377,378,379,380,381,382,383,384,
480,481,482,483,484,485,486,487,488,
638,639,640,641,642,643,644,645,646,
716,717,718,
772,773,785,786,787,788,789,790,791,792,800,
888,889,890,891,892,894,895,896,897,898,
1007,1008,1014,1015,1016,1017,1024

Mythical:
151,
251,
385,386,
489,490,491,492,493,
494,647,648,649,
719,720,721
801,802,807,808,809,
893,
1025

Ultrabeast:
793,794,795,796,797,798,799,803,804,805,806

Paradox:
984,985,986,987,988,989,990,991,992,993,994,995,1005,1006,1009,1010,1020,1021,1022,1023